8.716814159292035624e-01 7.643805309734513775e-01 3.672566371681417197e-01 6.438053097345131093e-01
5.829646017699114946e-01 3.805309734513278586e-01 2.511061946902657382e-01 4.137168141592917903e-01
4.646716541978385129e-01 7.431421446384038898e-01 2.028262676641721385e-01 6.317539484621779167e-01
3.133832086450543675e-01 4.480465502909388720e-01 1.429758935993356850e-01 4.546965918536995943e-01
3.408146300914381005e-02 2.161263507896922786e-01 3.241895261845342824e-02 3.167082294264336184e-01
5.982905982905981773e-02 6.260683760683763976e-01 4.166666666666704599e-02 5.630341880341880323e-01
9.046778464254194851e-01 4.977934686672554898e-01 3.768755516328341493e-01 4.845542806707853201e-01
1.951547779273216099e-01 9.515477792732169871e-01 9.690444145356688632e-02 7.563930013458955992e-01
2.158102766798418726e-01 7.454545454545461469e-01 1.035573122529643841e-01 6.316205533596840338e-01
1.062553556126820259e-01 8.911739502999144191e-02 6.083976006855247587e-02 2.399314481576692026e-01
2.330762639245930745e-01 4.884318766066841899e-02 1.113967437874883171e-01 2.142245072836330977e-01
3.479036574487064798e-02 3.122212310437110783e-01 3.122212310437097113e-02 3.746654772524534160e-01
8.979278587874144069e-02 3.622409823484270541e-01 5.448963929393622896e-02 4.044512663085189086e-01
4.315789473684211175e-01 4.970760233918126159e-01 1.894736842105262109e-01 4.865497076023391765e-01
