5.800524934383198827e-01 8.267716535433079772e-02 5.800524934383193276e-01 8.267716535433079772e-02
2.964169381107491508e-01 3.819218241042344197e-01 2.996742671009794967e-01 3.835504885993487600e-01
4.649837133550489554e-01 4.144951140065144535e-01 4.666123778501626851e-01 4.144951140065144535e-01
5.171009771986970760e-01 5.399022801302931773e-01 5.162866449511402944e-01 5.407166123778501809e-01
8.037459283387622389e-01 3.990228013029317178e-01 8.045602605863169110e-01 3.990228013029317178e-01
6.245928338762216647e-01 7.328990228013024799e-01 6.242726517040719791e-01 7.306733167082294367e-01
1.058252427184467326e-01 8.087378640776686778e-01 1.058252427184459277e-01 7.999999999999994893e-01
9.611650485436909475e-02 4.932038834951450457e-01 9.805825242718281542e-02 4.912621359223302009e-01
2.497343251859724389e-01 2.816153028692879867e-01 2.529928172386279317e-01 2.817238627294493813e-01
3.446475195822455428e-01 8.694516971279374618e-01 3.433420365535236884e-01 8.707571801566578173e-01
